DENEME SAYISI :0
SENSOR : 
# 	X	Y
0	0	39
1	51	0
2	97	99
3	99	55
WAWE:    68    0 
WAWE_PRED 
X :
       nan        nan        nan        nan
  68.33331        nan        nan        nan
       nan   39.61204        nan        nan
  52.29115   48.24838        nan        nan
Y :
       nan        nan        nan        nan
   0.02562        nan        nan        nan
       nan   13.06747        nan        nan
  97.77142   17.11353        nan        nan

# 	X	Y	P
68	0	1
68	13	1
68	97	1
68	17	1
39	0	1
39	13	1
39	97	1
39	17	1
52	0	1
52	13	1
52	97	1
52	17	1
48	0	1
48	13	1
48	97	1
48	17	1

DENEME SAYISI :1
SENSOR : 
# 	X	Y
0	0	14
1	34	0
2	92	99
3	99	54
WAWE:    61    99 
WAWE_PRED 
X :
       nan        nan   88.55967        nan
  60.71080        nan        nan        nan
  61.35040   61.34209        nan   61.34522
  60.14706   59.92565        nan        nan
Y :
       nan        nan   68.52692        nan
  98.44051        nan        nan        nan
  97.97695   98.26703        nan   99.85370
  98.84298   98.65019        nan        nan

# 	X	Y	P
61	98	20
60	98	10
88	98	5
61	68	4
61	99	4
60	68	2
60	99	2
88	68	1
88	99	1

DENEME SAYISI :2
SENSOR : 
# 	X	Y
0	0	65
1	16	0
2	42	99
3	99	75
WAWE:    61    10 
WAWE_PRED 
X :
       nan        nan   62.26934   61.44315
  61.05638        nan   60.82968   60.89692
       nan        nan        nan   60.50858
       nan   30.49703        nan        nan
Y :
       nan        nan   10.62807    9.69614
   9.26943        nan   10.31016   10.01334
       nan        nan        nan   10.24259
       nan   43.65588        nan        nan

# 	X	Y	P
60	10	36
60	43	6
30	10	6
30	43	1

DENEME SAYISI :3
SENSOR : 
# 	X	Y
0	0	19
1	11	0
2	95	99
3	99	59
WAWE:    7    94 
WAWE_PRED 
X :
       nan        nan   75.06134        nan
   7.67625        nan        nan        nan
   6.47134    6.48063        nan    6.51239
   6.76087    6.71268        nan        nan
Y :
       nan        nan   12.60424        nan
  93.94122        nan        nan        nan
  94.05487   93.89130        nan   93.36791
  94.02934   93.90218        nan        nan

# 	X	Y	P
6	93	18
6	93	18
75	93	6
6	12	3
6	12	3
75	12	1

DENEME SAYISI :4
SENSOR : 
# 	X	Y
0	0	53
1	12	0
2	38	99
3	99	32
WAWE:    82    71 
WAWE_PRED 
X :
       nan        nan   82.18955   67.58967
  81.94456        nan   82.53507        nan
       nan        nan        nan   61.15058
  82.01763   82.19841   82.93265        nan
Y :
       nan        nan   70.34583    3.12379
  71.46858        nan   70.88585        nan
       nan        nan        nan   51.69431
  71.14133   71.21927   71.52575        nan

# 	X	Y	P
82	71	30
82	3	6
82	71	6
82	51	6
67	71	5
61	71	5
67	3	1
67	71	1
67	51	1
61	3	1
61	71	1
61	51	1

DENEME SAYISI :5
SENSOR : 
# 	X	Y
0	0	56
1	75	99
2	80	0
3	99	44
WAWE:    63    28 
WAWE_PRED 
X :
       nan   63.40162   47.85840   62.88570
       nan        nan   63.14525   62.28200
  63.51743   93.94965        nan        nan
  68.04029        nan   62.51860        nan
Y :
       nan   27.94032    5.83344   26.80240
       nan        nan   27.98264   28.13215
  28.20348   29.53842        nan        nan
  69.32778        nan   27.59550        nan

# 	X	Y	P
62	27	30
62	5	6
62	26	6
62	29	6
62	69	6
68	27	5
93	27	5
47	27	5
47	26	1
47	29	1
47	69	1
47	5	1
93	5	1
93	26	1
93	29	1
93	69	1
68	5	1
68	26	1
68	29	1
68	69	1

DENEME SAYISI :6
SENSOR : 
# 	X	Y
0	0	10
1	20	0
2	21	99
3	99	15
WAWE:    84    75 
WAWE_PRED 
X :
       nan        nan   83.85162        nan
  82.99270        nan   83.95969        nan
       nan        nan        nan   40.90883
  84.11727   84.56348   83.67381        nan
Y :
       nan        nan   74.84525        nan
  75.94097        nan   75.12835        nan
       nan        nan        nan   34.67725
  74.50027   74.61011   74.38759        nan

# 	X	Y	P
83	74	30
83	75	6
83	34	6
40	74	5
40	75	1
40	34	1

DENEME SAYISI :7
SENSOR : 
# 	X	Y
0	0	30
1	71	0
2	94	99
3	99	27
WAWE:    26    88 
WAWE_PRED 
X :
       nan        nan   62.94408        nan
  25.94097        nan        nan        nan
  25.55294   25.60931        nan   25.57624
  25.65701   25.26247        nan        nan
Y :
       nan        nan   37.01096        nan
  87.77696        nan        nan        nan
  87.94962   87.60592        nan   87.80622
  87.90362   87.42534        nan        nan

# 	X	Y	P
25	87	36
62	87	6
25	37	6
62	37	1

DENEME SAYISI :8
SENSOR : 
# 	X	Y
0	0	31
1	55	99
2	73	0
3	99	8
WAWE:    93    21 
WAWE_PRED 
X :
       nan   92.79712        nan        nan
       nan        nan   46.57935        nan
  92.85773   93.24405        nan        nan
  92.74357        nan   93.57578        nan
Y :
       nan   21.00969        nan        nan
       nan        nan   12.74338        nan
  21.58970   21.22788        nan        nan
  20.52426        nan   20.90650        nan

# 	X	Y	P
93	20	25
93	12	5
46	20	5
46	12	1

DENEME SAYISI :9
SENSOR : 
# 	X	Y
0	0	11
1	14	0
2	86	99
3	99	85
WAWE:    29    73 
WAWE_PRED 
X :
       nan        nan   61.63842   67.84823
  29.37390        nan   79.01107   87.07239
  28.83767   28.90725        nan   29.59871
  29.34591   29.34722        nan        nan
Y :
       nan        nan   41.26245   21.57015
  73.06678        nan   36.72428   15.34722
  73.31774   73.16341        nan   71.68690
  73.08002   73.07239        nan        nan

# 	X	Y	P
29	73	30
29	36	6
29	41	6
29	15	6
29	21	6
29	71	6
67	73	5
87	73	5
79	73	5
61	73	5
87	21	1
87	41	1
79	21	1
79	15	1
79	36	1
87	36	1
87	15	1
79	71	1
61	41	1
79	41	1
61	21	1
67	71	1
67	15	1
67	36	1
67	21	1
67	41	1
61	71	1
61	15	1
61	36	1
87	71	1

DENEME SAYISI :10
SENSOR : 
# 	X	Y
0	0	18
1	38	99
2	43	0
3	99	13
WAWE:    47    33 
WAWE_PRED 
X :
       nan   46.80523        nan        nan
       nan        nan   38.30263   46.92929
  46.96674   44.34855        nan        nan
  46.85888   96.76496   46.74034        nan
Y :
       nan   33.59000        nan        nan
       nan        nan   33.00069   33.60682
  33.09647   33.30604        nan        nan
  33.42800   68.95538   33.12282        nan

# 	X	Y	P
46	33	35
38	33	7
44	33	7
96	33	7
46	68	5
38	68	1
44	68	1
96	68	1

DENEME SAYISI :11
SENSOR : 
# 	X	Y
0	0	84
1	37	0
2	96	99
3	99	58
WAWE:    56    71 
WAWE_PRED 
X :
       nan        nan   55.92793   54.31610
  55.81184        nan   89.97665        nan
       nan   56.39112        nan   55.76260
  56.32540   55.55483        nan        nan
Y :
       nan        nan   71.38345   65.64591
  70.87942        nan   50.70752        nan
       nan   70.72314        nan   71.62491
  73.29673   70.94714        nan        nan

# 	X	Y	P
55	71	30
55	65	6
55	50	6
55	73	6
54	71	5
89	71	5
54	65	1
54	50	1
54	73	1
89	65	1
89	50	1
89	73	1

DENEME SAYISI :12
SENSOR : 
# 	X	Y
0	0	56
1	58	99
2	92	0
3	99	38
WAWE:    44    91 
WAWE_PRED 
X :
       nan        nan        nan   28.52734
       nan        nan   43.89238   43.94485
  43.51275        nan        nan        nan
  43.66416        nan   44.19280        nan
Y :
       nan        nan        nan    7.81089
       nan        nan   91.45182   91.35455
  91.25111        nan        nan        nan
  91.06338        nan   91.60922        nan

# 	X	Y	P
43	91	25
28	91	5
43	7	5
28	7	1

DENEME SAYISI :13
SENSOR : 
# 	X	Y
0	0	93
1	93	0
2	99	77
3	99	99
WAWE:    54    33 
WAWE_PRED 
X :
       nan        nan   53.66557   53.86217
       nan        nan        nan        nan
       nan   54.04092        nan        nan
       nan   54.27369   52.77410        nan
Y :
       nan        nan   32.77444   32.95020
       nan        nan        nan        nan
       nan   32.39292        nan        nan
       nan   32.67084   33.70707        nan

# 	X	Y	P
54	32	16
54	33	4
52	32	4
52	33	1

DENEME SAYISI :14
SENSOR : 
# 	X	Y
0	0	39
1	66	99
2	85	0
3	99	17
WAWE:    61    80 
WAWE_PRED 
X :
       nan   61.05502        nan        nan
  46.23876        nan   60.70576   60.90234
  60.94493   78.05803        nan        nan
  60.99225   83.07287   61.27201        nan
Y :
       nan   79.62096        nan        nan
  95.91884        nan   79.71345   79.66056
  79.78595   83.04368        nan        nan
  79.71514   88.58285   79.88383        nan

# 	X	Y	P
61	79	36
61	95	6
61	83	6
61	88	6
46	79	6
78	79	6
83	79	6
46	95	1
46	83	1
46	88	1
78	95	1
78	83	1
78	88	1
83	95	1
83	83	1
83	88	1

DENEME SAYISI :15
SENSOR : 
# 	X	Y
0	0	88
1	52	99
2	79	0
3	99	74
WAWE:    57    60 
WAWE_PRED 
X :
       nan   56.78750   21.69524   57.09385
       nan        nan   56.54011   57.27913
  56.82523   67.92428        nan        nan
  62.45591        nan   57.22600        nan
Y :
       nan   59.95911   28.49851   60.58826
       nan        nan   59.92957   60.02255
  60.03565   63.03434        nan        nan
  98.50571        nan   60.18216        nan

# 	X	Y	P
57	60	36
57	28	6
57	63	6
57	98	6
21	60	6
67	60	6
62	60	6
21	28	1
21	63	1
21	98	1
67	28	1
67	63	1
67	98	1
62	28	1
62	63	1
62	98	1

DENEME SAYISI :16
SENSOR : 
# 	X	Y
0	0	57
1	82	0
2	84	99
3	99	33
WAWE:    26    78 
WAWE_PRED 
X :
       nan        nan   32.47503   13.25253
  25.94136        nan        nan        nan
  25.49745   25.74150        nan   25.68257
  25.78756   25.45801        nan        nan
Y :
       nan        nan   64.51554   26.41436
  77.93220        nan        nan        nan
  78.47070   77.78805        nan   77.95059
  78.12138   77.58224        nan        nan

# 	X	Y	P
25	77	36
32	77	6
13	77	6
25	64	6
25	26	6
32	64	1
32	26	1
13	64	1
13	26	1

DENEME SAYISI :17
SENSOR : 
# 	X	Y
0	0	52
1	13	0
2	58	99
3	99	10
WAWE:    10    12 
WAWE_PRED 
X :
       nan        nan   10.17359   10.35555
       nan        nan   23.47136        nan
       nan   10.53050        nan   10.35243
  35.97000   10.34970        nan        nan
Y :
       nan        nan   11.93827   11.98492
       nan        nan    5.86094        nan
       nan   11.74315        nan   11.84026
  72.36182   11.70367        nan        nan

# 	X	Y	P
10	11	25
10	5	5
10	72	5
23	11	5
35	11	5
23	5	1
23	72	1
35	5	1
35	72	1

DENEME SAYISI :18
SENSOR : 
# 	X	Y
0	0	77
1	64	0
2	67	99
3	99	2
WAWE:    95    85 
WAWE_PRED 
X :
       nan        nan   95.00205        nan
  94.97916        nan   95.11185        nan
       nan   38.10181        nan   53.24302
  95.03220   96.53068   94.80778        nan
Y :
       nan        nan   84.94073        nan
  85.20995        nan   85.16159        nan
       nan   86.88917        nan   70.84821
  84.57139   84.62978   84.56030        nan

# 	X	Y	P
94	84	30
38	84	6
53	84	6
96	84	6
94	86	5
94	70	5
38	86	1
38	70	1
53	86	1
53	70	1
96	86	1
96	70	1

DENEME SAYISI :19
SENSOR : 
# 	X	Y
0	0	7
1	9	99
2	65	0
3	99	8
WAWE:    64    83 
WAWE_PRED 
X :
       nan   64.03706        nan        nan
       nan        nan        nan   24.48626
  64.35871   63.95560        nan        nan
  64.05806   64.02775   63.49343        nan
Y :
       nan   82.93659        nan        nan
       nan        nan        nan   43.79776
  82.66418   82.66007        nan        nan
  82.91888   82.90474   82.65294        nan

# 	X	Y	P
63	82	36
63	43	6
24	82	6
24	43	1

DENEME SAYISI :20
SENSOR : 
# 	X	Y
0	0	57
1	47	0
2	92	99
3	99	79
WAWE:    13    2 
WAWE_PRED 
X :
       nan   13.05073   13.67720   13.22626
  51.64627        nan        nan        nan
       nan   13.09094        nan   11.67414
       nan   13.06367        nan        nan
Y :
       nan    1.85665    2.00868    1.89848
  33.68104        nan        nan        nan
       nan    2.48504        nan    3.66095
       nan    2.07975        nan        nan

# 	X	Y	P
13	2	25
13	33	5
13	3	5
51	2	5
11	2	5
51	33	1
51	3	1
11	33	1
11	3	1

DENEME SAYISI :21
SENSOR : 
# 	X	Y
0	0	23
1	30	99
2	81	0
3	99	41
WAWE:    55    71 
WAWE_PRED 
X :
       nan   55.11375        nan        nan
       nan        nan   39.56024   55.24703
  55.53048   53.83389        nan        nan
  55.14095   61.43346   54.60710        nan
Y :
       nan   71.37615        nan        nan
       nan        nan   62.91150   71.49791
  70.89721   70.26460        nan        nan
  71.34515   78.85762   70.55867        nan

# 	X	Y	P
54	70	30
39	70	6
53	70	6
61	70	6
54	62	5
54	78	5
39	62	1
39	78	1
53	62	1
53	78	1
61	62	1
61	78	1

DENEME SAYISI :22
SENSOR : 
# 	X	Y
0	0	60
1	8	0
2	47	99
3	99	49
WAWE:    24    48 
WAWE_PRED 
X :
       nan        nan   23.82448   24.33339
  23.87235        nan   29.99018        nan
       nan   23.05021        nan   24.34317
  26.13446   24.34059        nan        nan
Y :
       nan        nan   48.02064   49.09141
  48.11631        nan   45.64584        nan
       nan   48.37977        nan   47.78801
  65.30105   47.95932        nan        nan

# 	X	Y	P
24	47	30
24	49	6
24	45	6
24	65	6
29	47	5
26	47	5
29	49	1
29	45	1
29	65	1
26	49	1
26	45	1
26	65	1

DENEME SAYISI :23
SENSOR : 
# 	X	Y
0	0	51
1	15	99
2	36	0
3	99	9
WAWE:    6    77 
WAWE_PRED 
X :
       nan   10.84274        nan        nan
   4.95863        nan    5.65296    5.74167
   5.92231   32.51621        nan        nan
   5.85677        nan    5.81540        nan
Y :
       nan   75.36280        nan        nan
  77.20159        nan   76.89496   76.85766
  77.00072   82.59323        nan        nan
  77.01556        nan   76.95887        nan

# 	X	Y	P
5	76	36
10	76	6
5	75	6
5	82	6
32	76	6
10	75	1
10	82	1
32	75	1
32	82	1

DENEME SAYISI :24
SENSOR : 
# 	X	Y
0	0	23
1	16	99
2	95	0
3	99	12
WAWE:    35    38 
WAWE_PRED 
X :
       nan   34.96751        nan   31.17630
       nan        nan   35.43401   35.45815
  35.11653   71.14482        nan        nan
  35.18512   75.98768   35.49258        nan
Y :
       nan   37.87526        nan    1.27355
       nan        nan   38.02198   38.02968
  37.51996   66.51848        nan        nan
  37.35295   76.69578   38.11358        nan

# 	X	Y	P
35	37	36
35	1	6
35	66	6
35	76	6
31	37	6
71	37	6
75	37	6
31	1	1
31	66	1
31	76	1
71	1	1
71	66	1
71	76	1
75	1	1
75	66	1
75	76	1

DENEME SAYISI :25
SENSOR : 
# 	X	Y
0	0	47
1	31	99
2	35	0
3	99	28
WAWE:    37    92 
WAWE_PRED 
X :
       nan   36.88781        nan        nan
       nan        nan   25.44184        nan
  36.60966   37.14495        nan        nan
  37.15466        nan   37.59589        nan
Y :
       nan   91.75812        nan        nan
       nan        nan   91.50214        nan
  91.98592   91.97499        nan        nan
  91.53685        nan   91.96337        nan

# 	X	Y	P
37	91	30
25	91	6

DENEME SAYISI :26
SENSOR : 
# 	X	Y
0	0	46
1	63	0
2	74	99
3	99	43
WAWE:    41    35 
WAWE_PRED 
X :
       nan   22.89342   41.19901   40.99895
  41.26615        nan   92.13307        nan
   2.75837   41.01377        nan   40.87115
  41.63897   40.89188        nan        nan
Y :
       nan    9.99534   34.90558   34.18771
  35.15799        nan   29.32079        nan
  88.57741   35.00071        nan   35.07442
  55.30811   34.92385        nan        nan

# 	X	Y	P
41	34	42
41	9	7
41	29	7
41	88	7
41	55	7
2	34	6
22	34	6
92	34	6
22	9	1
92	55	1
2	88	1
2	29	1
2	9	1
92	9	1
92	88	1
92	29	1
22	55	1
22	88	1
22	29	1
2	55	1

DENEME SAYISI :27
SENSOR : 
# 	X	Y
0	0	47
1	1	0
2	30	99
3	99	23
WAWE:    46    29 
WAWE_PRED 
X :
       nan        nan   46.91188   45.81504
  46.30614        nan   45.51506        nan
       nan        nan        nan   46.06412
  49.89885   45.96935   97.63039        nan
Y :
       nan        nan   29.70041   26.97546
  28.13890        nan   29.37438        nan
       nan        nan        nan   29.49900
  43.82118   28.67406   76.31574        nan

# 	X	Y	P
46	29	16
45	29	8
97	29	4
46	26	4
49	29	4
46	76	4
46	43	4
46	28	4
45	26	2
45	28	2
45	43	2
45	76	2
49	26	1
49	28	1
49	43	1
49	76	1
97	26	1
97	28	1
97	43	1
97	76	1

DENEME SAYISI :28
SENSOR : 
# 	X	Y
0	0	33
1	93	99
2	97	0
3	99	91
WAWE:    17    41 
WAWE_PRED 
X :
       nan        nan    8.50364        nan
       nan        nan   17.06608   15.91463
  16.87310        nan        nan        nan
       nan        nan   16.95790        nan
Y :
       nan        nan   16.38277        nan
       nan        nan   41.35901   42.90820
  40.98391        nan        nan        nan
       nan        nan   41.14928        nan

# 	X	Y	P
16	41	9
8	41	3
16	16	3
16	42	3
15	41	3
8	16	1
8	42	1
15	16	1
15	42	1

DENEME SAYISI :29
SENSOR : 
# 	X	Y
0	0	41
1	28	0
2	31	99
3	99	31
WAWE:    48    68 
WAWE_PRED 
X :
       nan        nan   47.63204   41.69285
  47.11464        nan   48.52225        nan
       nan   11.65207        nan   48.75626
  47.92143   48.63163   61.54766        nan
Y :
       nan        nan   67.82598    5.64253
  68.72463        nan   68.31751        nan
       nan   69.43479        nan   68.45234
  67.30553   68.28455   81.24374        nan

# 	X	Y	P
48	68	20
48	68	10
41	68	5
61	68	5
11	68	5
48	5	4
48	69	4
48	67	4
48	81	4
48	81	2
48	67	2
48	69	2
48	5	2
41	81	1
41	67	1
41	69	1
11	5	1
11	69	1
11	67	1
11	81	1
41	5	1
61	5	1
61	69	1
61	67	1
61	81	1

DENEME SAYISI :30
SENSOR : 
# 	X	Y
0	0	13
1	29	99
2	63	0
3	99	20
WAWE:    68    45 
WAWE_PRED 
X :
       nan   67.88134        nan        nan
       nan        nan   31.98976        nan
  68.18207   67.14999        nan        nan
  68.35734        nan   68.62022        nan
Y :
       nan   45.66857        nan        nan
       nan        nan   33.06775        nan
  45.03618   45.14298        nan        nan
  44.66047        nan   44.98360        nan

# 	X	Y	P
68	44	25
68	33	5
31	44	5
31	33	1

DENEME SAYISI :31
SENSOR : 
# 	X	Y
0	0	38
1	24	99
2	61	0
3	99	77
WAWE:    87    34 
WAWE_PRED 
X :
       nan   86.54224        nan   86.57866
       nan        nan   19.18078   87.14337
  86.58100   87.01886        nan   86.69539
  60.65346        nan   72.40439        nan
Y :
       nan   33.35770        nan   34.09521
       nan        nan    8.46150   33.93573
  34.14757   33.81513        nan   34.06158
  99.90532        nan   41.11428        nan

# 	X	Y	P
86	33	36
86	8	6
86	99	6
86	41	6
19	33	6
60	33	6
72	33	6
19	8	1
19	99	1
19	41	1
60	8	1
60	99	1
60	41	1
72	8	1
72	99	1
72	41	1

DENEME SAYISI :32
SENSOR : 
# 	X	Y
0	0	16
1	23	0
2	39	99
3	99	96
WAWE:    24    35 
WAWE_PRED 
X :
       nan        nan   23.30285        nan
  23.48795        nan   32.59942   56.41894
       nan   24.38243        nan   24.28766
       nan   24.30287        nan        nan
Y :
       nan        nan   34.89384        nan
  34.66323        nan   33.31109    9.21695
       nan   34.63909        nan   34.66069
       nan   34.64218        nan        nan

# 	X	Y	P
24	34	25
24	33	5
24	9	5
32	34	5
56	34	5
32	33	1
32	9	1
56	33	1
56	9	1

DENEME SAYISI :33
SENSOR : 
# 	X	Y
0	0	95
1	60	99
2	84	0
3	99	53
WAWE:    60    21 
WAWE_PRED 
X :
       nan   60.10370   59.32320   59.87143
       nan        nan   59.85472   59.71713
  66.80188   95.84808        nan        nan
       nan        nan   59.78402        nan
Y :
       nan   21.00007   20.37291   20.81202
       nan        nan   21.00014   21.00051
  26.98564   29.72580        nan        nan
       nan        nan   20.91857        nan

# 	X	Y	P
59	20	36
59	26	6
59	29	6
66	20	6
95	20	6
66	26	1
66	29	1
95	26	1
95	29	1

DENEME SAYISI :34
SENSOR : 
# 	X	Y
0	0	23
1	41	99
2	72	0
3	99	2
WAWE:    56    2 
WAWE_PRED 
X :
       nan   55.24932        nan   55.66924
       nan        nan   56.06962   55.67041
       nan   84.23501        nan        nan
  59.20891        nan        nan        nan
Y :
       nan    1.36769        nan    2.47246
       nan        nan    1.49093    1.43008
       nan   10.31040        nan        nan
  19.15945        nan        nan        nan

# 	X	Y	P
55	1	12
55	2	4
55	10	4
55	19	4
84	1	3
59	1	3
84	2	1
84	10	1
84	19	1
59	2	1
59	10	1
59	19	1

DENEME SAYISI :35
SENSOR : 
# 	X	Y
0	0	48
1	36	99
2	94	0
3	99	37
WAWE:    52    45 
WAWE_PRED 
X :
       nan   51.93057   33.18626   51.00831
       nan        nan   53.04694   51.71430
  51.88815   74.19612        nan        nan
  51.98282   89.99452   51.55427        nan
Y :
       nan   45.31372    7.96661   37.89294
       nan        nan   45.65769   45.25002
  44.59114   58.04812        nan        nan
  46.66360   84.14765   44.27345        nan

# 	X	Y	P
51	44	30
51	37	6
51	58	6
51	46	6
51	84	6
51	7	6
89	44	5
53	44	5
74	44	5
33	44	5
74	7	1
89	7	1
89	58	1
89	46	1
74	84	1
74	46	1
74	58	1
74	37	1
89	37	1
53	58	1
53	84	1
53	46	1
53	37	1
53	7	1
33	84	1
33	46	1
33	58	1
33	37	1
33	7	1
89	84	1

DENEME SAYISI :36
SENSOR : 
# 	X	Y
0	0	69
1	11	99
2	68	0
3	99	36
WAWE:    47    50 
WAWE_PRED 
X :
       nan   47.05300   18.63310        nan
       nan        nan   36.87753   47.73907
  46.83899   45.46143        nan        nan
       nan   68.54181   47.52859        nan
Y :
       nan   50.20834   21.88399        nan
       nan        nan   44.12926   50.72283
  49.68110   49.07151        nan        nan
       nan   79.78063   49.96921        nan

# 	X	Y	P
47	50	16
47	44	4
47	49	4
47	79	4
18	50	4
68	50	4
36	50	4
47	21	4
45	50	4
45	21	1
68	49	1
68	44	1
68	21	1
45	79	1
45	49	1
45	44	1
36	44	1
36	79	1
36	49	1
36	21	1
18	79	1
18	49	1
18	44	1
18	21	1
68	79	1

DENEME SAYISI :37
SENSOR : 
# 	X	Y
0	0	56
1	45	99
2	67	0
3	99	48
WAWE:    23    68 
WAWE_PRED 
X :
       nan   23.08971        nan   20.71264
  12.98928        nan   22.71545   22.93466
  22.88905   78.22335        nan        nan
  22.96734        nan   23.03086        nan
Y :
       nan   67.95263        nan   40.28419
  78.52285        nan   68.22016   68.06263
  68.33253   80.55525        nan        nan
  68.18611        nan   68.42387        nan

# 	X	Y	P
22	68	36
22	40	6
22	78	6
22	80	6
20	68	6
12	68	6
78	68	6
20	40	1
20	78	1
20	80	1
12	40	1
12	78	1
12	80	1
78	40	1
78	78	1
78	80	1

DENEME SAYISI :38
SENSOR : 
# 	X	Y
0	0	71
1	24	0
2	98	99
3	99	56
WAWE:    52    90 
WAWE_PRED 
X :
       nan        nan   53.71726   44.03278
  52.07421        nan        nan        nan
  52.62236   52.28064        nan   52.16753
  51.98298   51.85160        nan        nan
Y :
       nan        nan   84.27529   37.49042
  89.70975        nan        nan        nan
  88.10746   89.64488        nan   90.21578
  89.96174   89.77911        nan        nan

# 	X	Y	P
51	89	30
51	84	6
51	37	6
51	88	6
53	89	5
44	89	5
53	84	1
53	37	1
53	88	1
44	84	1
44	37	1
44	88	1

DENEME SAYISI :39
SENSOR : 
# 	X	Y
0	0	34
1	69	99
2	87	0
3	99	49
WAWE:    92    33 
WAWE_PRED 
X :
       nan   91.99323        nan   91.99602
       nan        nan   69.25250   92.32896
  91.99926   93.40350        nan   99.36828
  87.61359        nan   90.66577        nan
Y :
       nan   32.88411        nan   33.14476
       nan        nan   29.00046   33.00182
  33.63045   33.39154        nan   31.67058
  62.06882        nan   33.80181        nan

# 	X	Y	P
92	33	24
93	33	6
90	33	6
87	33	6
99	33	6
69	33	6
92	62	4
92	31	4
92	29	4
69	29	1
90	31	1
90	29	1
87	62	1
87	31	1
87	29	1
99	31	1
99	62	1
69	31	1
99	29	1
93	62	1
93	31	1
93	29	1
69	62	1
90	62	1

DENEME SAYISI :40
SENSOR : 
# 	X	Y
0	0	75
1	66	0
2	72	99
3	99	44
WAWE:    8    86 
WAWE_PRED 
X :
       nan        nan   12.81720    0.57515
   7.52719        nan        nan        nan
   8.04946    7.91880        nan    8.05811
   8.06989    8.58063        nan        nan
Y :
       nan        nan   71.32617   61.67908
  86.00541        nan        nan        nan
  85.62939   86.27035        nan   85.58812
  85.61389   86.71226        nan        nan

# 	X	Y	P
8	86	36
12	86	6
0	86	6
8	71	6
8	61	6
12	71	1
12	61	1
0	71	1
0	61	1

